4
6 6
-1.3210909 1.113623 1.3756449 -0.8761476 1.1256348 -1.5327154
-0.63420254 -2.4685588 6.319745 5.681516 -7.3385363 0.23850676
0.95894283 3.0136697 0.5149362 -0.25284573 -0.644165 1.3544244
0.01736556 5.548388 -2.2792761 0.9929776 -1.2613679 -1.26962
-4.9702897 0.18792914 -0.26296723 -0.7319161 1.5115006 -2.0565963
-1.9588543 -0.28316393 -1.1512759 -0.011936766 0.30865616 0.4154595
6 6
-1.1815677 1.7150788 -0.099816106 1.680474 -3.033429 3.1429899
-1.0157864 -3.9238653 -0.81310683 1.528891 0.11120534 -0.6447308
1.703336 1.5576098 -0.357482 -6.50886 -2.9105182 0.16598429
-4.7139516 -0.6780913 4.6373487 0.057440814 0.18249777 -0.7364717
3.9465575 -1.1906052 -3.8079503 0.020248257 -0.8819907 -0.687712
-1.4396675 1.1192408 -0.8505608 -0.12258608 -1.8298508 2.9481568
6 6
-2.188967 -0.25936544 -0.9065882 -0.6631789 0.46010408 1.1012716
-0.08770108 0.40167177 -2.5623484 1.422153 2.4685607 -0.28507438
2.9326606 1.3531073 -2.3395877 0.9991538 1.308178 0.9350916
1.7765824 3.037867 -1.5656679 1.4922595 1.6964604 5.139491
0.42558798 -1.3618999 -0.018277775 0.54750437 0.7130968 -0.037450325
-0.44163215 3.53527 -2.1743772 -1.9353126 1.0482663 0.31796235
6 3
-1.8307629 0.027530652 1.2932291
0.4052434 -0.056091912 -0.76506126
0.62510014 0.046525262 0.6375625
-0.60367763 -0.011961963 0.4772321
-0.088606864 0.0058284053 -0.2830473
-1.7368891 0.03545264 1.1482527
6
4.540195 -2.5094843 1.0531625 2.6290085 -2.1617184 1.7744439
6
0.13452244 -2.9421425 -0.5944289 -0.7060393 2.1790345 -2.1616423
6
-0.054018397 -0.5921866 -0.30153406 0.7999542 -1.4884723 -0.05339381
3
0.24544466 0.056304693 0.89946115
softsign
softsign
softsign
softsign
