3
9 18
-0.4671985 0.6676833 -0.59279317 -0.26348504 0.66534734 0.06708661 0.02715483 0.7373479 0.82864785 -0.3930612 0.08450718 -0.3349707 -0.29131213 -0.20479718 0.8100842 -0.018977048 -0.36336812 -0.3609079
0.050544076 0.45105794 0.3249645 0.119438596 -0.12624317 -0.0034880703 -0.1811235 0.14125445 0.10873453 -0.012104081 0.39993474 -0.09563054 -0.074574396 0.71386456 -0.08809474 0.29607826 -0.074268654 0.17378886
-0.2332409 -1.066021 -0.5675844 -0.25572693 -0.0420476 0.15381798 0.13288456 -0.61494726 -0.62484056 -0.10426896 -0.65778744 -0.6108452 -0.38689777 -0.8504619 -0.115508586 -0.08335974 -0.55579 -0.102599464
0.21722458 1.5481558 -0.06035127 -0.3665874 -0.6328453 0.036903642 -0.1329068 3.1831956 0.40102598 0.2846298 -0.61477166 0.6787943 0.4649036 1.1852914 -0.38039124 0.3588083 0.56025624 -0.015909364
0.044046056 -0.081407376 -0.025561161 0.022797668 0.042032722 -0.041135248 -0.6958703 -0.70403045 0.010560601 0.045790136 -0.30192417 -0.023143226 -0.025697347 -0.35836506 0.02746407 0.044358797 -0.009719806 0.016782718
0.03613054 0.050715238 -0.32864124 -0.22513457 -0.005578359 -0.002039325 -0.24135675 -0.5696773 -0.013312944 0.06264921 0.5737543 0.27894175 0.24490647 0.28045288 -0.0026778453 -0.19007859 0.3024257 -0.21991313
0.50568867 -0.55876744 0.6504923 0.23554115 -0.63890475 -0.08099872 0.6037974 -0.16329335 -0.8251672 0.43686506 -0.010684365 0.38589612 0.2911902 0.29864758 -0.8059537 0.044947427 0.37247944 0.36222008
-0.04817036 -0.46119335 -0.20033728 -0.049552318 0.11959594 0.0044928095 0.40142208 1.1420804 -0.105079465 -0.040603235 -0.87019956 -0.012726481 -0.0004232303 -0.8855535 0.0719629 -0.18939956 -0.014590469 -0.073777854
0.0720873 0.16527326 0.05329428 0.069189996 0.069979444 -1.8547775 -0.019189024 -0.09050428 0.070742495 0.0437856 -0.4849695 0.07076792 0.046997584 -0.7178682 0.026821814 0.18041557 0.15118031 0.07370917
18 18
0.097834826 -1.4460392 -0.21117902 -0.19775183 -0.052482747 -0.10202882 0.16741745 -0.21974339 -0.030816363 0.098077446 -0.41722056 -0.2663277 -0.17148055 0.16010065 0.0020759085 0.12245725 0.17358097 0.09732408
-0.13744636 0.17065394 -0.07954289 -0.078443505 -2.074682 -0.43033424 0.14332725 -0.08047432 -0.22241476 0.20752038 -0.053174894 -0.10637912 -0.07216382 -0.9946543 -0.40817243 -0.4362203 0.19066776 -1.0657983
0.08723069 -1.7894138 -0.10861403 -0.075578384 0.11082447 0.21127348 -2.406785 -0.14214635 0.10414885 -1.7150488 -0.18250197 -0.11052741 -0.07162326 -1.8949782 0.08453296 0.11217765 -2.4225738 0.068829924
0.10293534 0.11897189 -0.6122424 -0.45593712 0.12985565 0.38445148 0.78325826 -0.6404224 0.13825396 0.1508399 -0.7649433 -0.7737441 -0.4533414 0.5428079 0.20799626 0.20400023 -2.6644936 0.09490572
0.37961406 0.08432749 -0.55616647 -0.97499096 0.2586566 0.16042982 -0.26048926 -0.43748093 0.44729114 0.06641464 -0.49994892 -0.54307234 -0.42176896 0.06394579 0.18232991 -0.22533432 -0.11066636 0.19656886
-1.703153 -1.6643255 1.1320064 1.0574774 -2.045529 -1.8084455 -2.18436 0.7258788 -1.426966 -1.999129 0.34344923 0.70173407 1.300143 -1.5641289 -1.1427516 -1.8958651 -1.2324959 -1.87548
-1.8130398 -1.5044326 0.6688486 0.7721973 -2.4309368 -2.2548823 -2.171369 0.2442086 -2.153131 -2.3828409 0.04732196 0.32136852 1.0323502 -2.0357468 -1.9560461 -2.0836442 -1.6691232 -1.592465
-0.1387982 -0.27047905 0.16635495 0.15751655 -0.33272433 -0.29781866 -0.36977047 0.17370827 -0.2418726 -0.3675435 0.09883933 0.1377876 0.1908 -0.4288531 -0.32109448 -0.4418541 -0.34557772 -0.082449086
-0.08893836 0.1126874 -0.33458844 -0.35019553 -0.5417959 -0.19538167 0.19951995 -0.3995518 -0.12778339 0.17400785 -0.3845281 -0.33650494 -0.32336202 0.20750628 0.22134748 0.23251422 -0.4532111 -0.9073624
0.047639992 0.14986028 -0.28465387 -0.24952254 -0.055044323 0.14513066 -0.15130733 -0.32817736 -0.03051401 0.07549794 -0.53347963 -0.35380834 -0.18714839 0.15623805 -0.089576736 -0.06403762 0.16650158 -0.049243137
-0.36725304 -0.886381 0.08385365 0.3622131 -2.2660208 -0.44549367 -0.7207753 0.27022117 -0.40393695 -0.7237398 0.0011545777 -0.1851965 0.31536472 -0.4079347 -0.4763216 -1.1296183 -1.3517851 -2.6830275
-2.2733982 -2.4425318 -0.22046351 -0.24416213 0.23390058 0.21284531 0.17714952 -0.3087411 -0.3702907 0.23124483 -0.51457155 -0.26131025 -0.21168551 0.13367358 0.3715001 0.16601896 0.1626155 -2.4490297
-3.1683693 -2.2638757 -0.39519742 -0.40431452 0.28666204 0.20875305 -0.057245977 -0.50586635 0.66129494 0.3094214 -0.846475 -0.39379156 -0.23622407 0.15213297 -3.275977 0.30217734 0.1136843 0.39345536
-0.1136912 -0.8151387 0.12340196 -0.021801116 -0.89640677 -0.31828457 -0.13817246 -0.18873814 -0.15080546 -0.28150806 -0.72398657 0.17739278 0.07705903 -0.098894715 -0.040844876 -0.8389596 -0.272234 -1.3947613
-0.5861346 0.027951932 -0.7512458 -1.012855 0.24634267 0.17532764 0.12756588 -0.5612747 -0.3202139 0.054033414 -0.5724429 -0.46567303 -0.60082114 0.08505343 -0.1135182 0.20340471 0.24665733 0.15595897
0.14327013 0.14262089 -0.24848686 -0.19196048 0.17026383 0.27308333 0.12539876 -0.36646095 0.19039732 0.15276712 -0.5318476 -0.2561846 -0.22101067 0.29117122 -0.0761952 -0.059557535 0.24974194 0.1649824
0.55378526 0.20744954 -0.29171592 -0.32442594 0.18431728 0.18241657 0.15102495 -0.72806007 0.23836093 -2.7122507 -0.6265683 -0.29556546 -0.25435126 0.12390275 0.31383547 0.23200539 0.07444277 0.15690023
0.19403495 0.13695659 -0.3458865 -0.26624322 0.19348323 -2.3495398 -0.39510003 -0.32170975 0.24432167 0.30725673 -0.40929592 -0.37486988 -0.18116581 -2.0712163 0.30938727 0.20369592 -1.8257926 0.16401012
18 1
-0.08565641
-0.15596442
0.09038733
0.117217876
-0.065421425
-0.07053896
-0.09959572
0.16608615
-0.0671868
-0.085597016
0.2591418
0.14871027
0.08890142
-0.090581596
-0.09116319
-0.07989147
-0.11441583
-0.103610106
18
-5.172753 -2.0141034 -4.858853 -5.243108 -4.0170507 5.3108196 4.576845 -0.31718013 -1.518177 -4.4926124 3.7788053 -5.0497837 -5.163946 3.005445 -2.8119934 -5.488832 -6.2175784 -5.1424675
18
-0.034254983 0.048296377 1.6495373 1.6633581 -0.005612346 -0.0056758 0.009364367 1.2664964 -0.022525389 0.017738916 0.8411932 1.2437702 1.5122402 -0.015408089 0.002794981 -0.007825925 -0.006917928 0.010032124
1
0.035075936
relu
relu
sigmoid
